                                                                           96 92 87 83 79 74 70 66 63 60 56 53 50 46 43 40 37 34 30 27 24 20 17 14 11 08 04 02 00 02 03 04 05 06 08 
                                                                        98 93 89 85 80 76 72 68 64 61 58 54 51 48 44 41 38 35 32 28 25 22 18 15 12 09 06 03 01 01 02 03 04 06 07 08 
                                                                        95 91 86 82 78 74 70 65 62 59 56 52 49 46 42 39 36 33 30 26 23 20 16 13 10 07 04 02 00 01 02 04 05 06 08 09 
                                                                     97 92 88 84 80 76 71 67 63 60 57 54 50 47 44 40 37 34 31 28 24 21 18 14 11 08 05 02 01 00 02 03 04 06 07 08 09 
                                                                  98 94 90 86 82 77 73 69 64 61 58 55 52 48 45 42 38 35 32 29 26 22 19 16 12 09 06 03 02 00 01 02 04 05 06 07 08 10 
                                                                  96 92 88 83 79 75 70 66 62 59 56 53 50 46 43 40 36 33 30 27 24 20 17 14 10 07 04 02 00 00 02 03 04 05 06 08 09 10 
                                                               98 94 89 85 81 76 72 68 64 60 57 54 51 48 44 41 38 34 31 28 25 22 18 15 12 08 05 03 01 00 01 02 03 04 06 07 08 10 11 
                                                               95 91 87 82 78 74 70 66 62 58 55 52 49 46 42 39 36 32 29 26 23 20 16 13 10 06 04 02 00 00 01 02 04 05 06 08 09 10 12 
                                                            97 93 88 84 80 76 72 67 63 60 56 53 50 47 44 40 37 34 30 27 24 21 18 14 11 08 04 03 01 00 00 02 03 04 06 07 08 09 11 14 
                                                         99 94 90 86 82 78 73 69 65 61 58 54 51 48 45 42 38 35 32 28 25 22 19 16 12 09 06 04 02 00 00 01 02 04 05 06 07 08 10 12 15 
                                                         96 92 88 84 79 75 71 66 62 59 56 52 49 46 43 40 36 33 30 26 23 20 17 14 10 07 04 02 01 00 00 02 03 04 05 06 08 09 11 14 16 
                                                      98 94 90 85 81 77 72 68 64 60 57 54 50 47 44 41 38 34 31 28 24 21 18 15 12 08 05 03 02 00 00 01 02 03 04 06 07 08 10 12 15 17 
                                                      96 92 87 83 78 74 70 66 62 58 55 52 48 45 42 39 36 32 29 26 22 19 16 13 10 06 04 02 00 00 00 01 02 04 05 06 08 09 11 14 16 18 
                                                   98 94 89 84 80 76 72 68 63 60 56 53 50 46 43 40 37 34 30 27 24 20 17 14 11 08 05 03 01 00 00 00 02 03 04 06 07 08 10 12 15 17 20 
                                                   96 91 86 82 78 74 69 65 61 58 54 51 48 44 41 38 35 32 28 25 22 18 15 12 09 06 04 02 00 00 00 01 02 04 05 06 07 08 11 14 16 18 21 
                                                98 93 88 84 80 75 71 67 62 59 56 52 49 46 42 39 36 33 30 26 23 20 16 13 10 07 04 03 01 00 00 00 02 03 04 05 06 08 10 12 15 17 20 22 
                                                95 90 86 82 77 73 68 64 60 57 54 50 47 44 40 37 34 31 28 24 21 18 14 11 08 05 04 02 00 00 00 01 02 03 04 06 07 08 11 14 16 18 21 24 
                                             97 92 88 84 79 74 70 66 62 58 55 52 48 45 42 38 35 32 29 26 22 19 16 12 09 06 04 02 01 00 00 00 01 02 04 05 06 08 10 12 15 17 20 22 26 
                                          99 94 90 86 81 76 72 68 64 59 56 53 50 46 43 40 36 33 30 27 24 20 17 14 10 07 05 03 02 00 00 00 00 02 03 04 06 07 08 11 14 16 18 21 24 27 
                                          96 92 88 83 78 74 70 65 61 57 54 51 48 44 41 38 34 31 28 25 22 18 15 12 08 06 04 02 00 00 00 00 01 02 04 05 06 07 10 12 15 17 20 22 26 29 
                                       98 94 90 85 80 76 72 67 63 58 55 52 49 46 42 39 36 32 29 26 23 20 16 13 10 06 05 03 01 00 00 00 00 02 03 04 05 06 08 11 14 16 18 21 24 28 31 
                                       96 92 87 82 78 74 69 64 60 56 53 50 47 44 40 37 34 30 27 24 21 18 14 11 08 06 04 02 00 00 00 00 01 02 03 04 06 07 10 12 15 17 20 23 26 29 32 
                                    98 94 89 84 80 76 71 66 62 58 54 51 48 45 42 38 35 32 28 25 22 19 16 12 09 06 04 03 01 00 00 00 00 01 02 04 05 06 08 11 14 16 18 21 24 28 31 34 
                                    96 91 86 82 78 73 68 64 60 56 52 49 46 43 40 36 33 30 26 23 20 17 14 10 07 05 04 02 00 00 00 00 00 02 03 04 06 07 10 12 15 17 20 23 26 30 33 36 
                                 98 93 88 84 80 75 70 66 62 57 54 50 47 44 41 38 34 31 28 24 21 18 15 12 08 06 04 02 01 00 00 00 00 01 02 04 05 06 08 11 14 16 18 22 25 28 31 34 38 
                                 95 90 86 82 77 72 68 64 59 55 52 48 45 42 39 36 32 29 26 22 19 16 13 10 07 05 03 02 00 00 00 00 00 02 03 04 05 07 10 12 15 17 20 23 26 30 33 36 40 
                              97 92 88 84 79 74 70 66 61 56 53 50 46 43 40 37 34 30 27 24 20 17 14 11 08 06 04 02 00 00 00 00 00 01 02 03 04 06 08 11 14 16 18 22 25 28 32 35 38 41 
                           99 94 90 86 81 76 72 68 63 58 54 51 48 44 41 38 35 32 28 25 22 18 15 12 09 06 05 03 01 00 00 00 00 00 01 02 04 05 07 10 12 15 17 20 24 27 30 33 36 40 43 
                           96 92 88 83 78 74 70 65 60 56 52 49 46 42 39 36 33 30 26 23 20 16 13 10 07 06 04 02 00 00 00 00 00 00 02 03 04 06 08 11 14 16 19 22 25 28 32 35 38 42 45 
                        98 94 90 85 80 76 72 67 62 58 54 50 47 44 40 37 34 31 28 24 21 18 14 11 08 06 04 03 01 00 00 00 00 00 01 02 04 05 07 10 12 15 17 20 24 27 30 34 37 40 43 46 
                        96 92 87 82 78 74 69 64 60 56 52 48 45 42 38 35 32 29 26 22 19 16 12 09 07 05 04 02 00 00 00 00 00 00 02 03 04 06 08 11 14 16 19 22 26 29 32 35 38 42 45 48 
                     98 94 89 84 80 76 71 66 62 58 54 50 46 43 40 36 33 30 27 24 20 17 14 10 08 06 04 02 01 00 00 00 00 00 01 02 03 05 07 10 12 15 18 21 24 27 30 34 37 40 44 47 50 
                     96 91 86 82 78 73 68 64 60 55 52 48 44 41 38 34 31 28 25 22 18 15 12 08 07 05 03 02 00 00 00 00 00 00 01 02 04 06 08 11 14 16 19 22 26 29 32 36 39 42 45 48 53 
                  98 93 88 84 80 75 70 66 62 57 53 50 46 42 39 36 32 29 26 23 20 16 13 10 08 06 04 02 00 00 00 00 00 00 00 02 03 05 07 10 12 15 18 21 24 28 31 34 37 40 44 47 51 55 
                  95 90 86 82 77 72 68 64 59 54 51 48 44 40 37 34 30 27 24 21 18 14 11 08 06 05 03 01 00 00 00 00 00 00 01 02 04 06 08 11 14 16 20 23 26 29 32 36 39 42 46 49 54 58 
               97 92 88 84 79 74 70 66 61 56 52 49 46 42 38 35 32 28 25 22 19 16 12 09 07 06 04 02 00 00 00 00 00 00 00 02 03 05 07 10 12 15 18 21 24 28 31 34 38 41 44 48 52 56 60 
            99 94 90 86 81 76 72 68 63 58 54 50 47 44 40 36 33 30 26 23 20 17 14 10 08 06 04 03 01 00 00 00 00 00 00 01 02 04 06 08 11 14 16 20 23 26 30 33 36 39 42 46 50 54 58 63 
            96 92 88 83 78 74 70 65 60 56 52 48 45 42 38 34 31 28 24 21 18 15 12 09 07 05 04 02 00 00 00 00 00 00 00 01 02 05 07 10 12 15 18 22 25 28 31 34 38 41 44 48 52 57 61 65 
         98 94 90 85 80 76 72 67 62 58 54 50 46 43 40 36 32 29 26 22 19 16 13 10 08 06 04 02 01 00 00 00 00 00 00 00 02 04 06 08 11 14 17 20 23 26 30 33 36 40 43 46 51 55 59 64 68 
         96 92 87 82 78 74 69 64 60 56 52 48 44 41 38 34 30 27 24 20 17 14 11 08 07 05 03 02 00 00 00 00 00 00 00 01 02 05 07 10 12 15 18 22 25 28 32 35 38 41 45 49 53 58 62 66 70 
      98 94 89 84 80 76 71 66 62 58 53 50 46 42 39 36 32 28 25 22 18 15 12 09 08 06 04 02 00 00 00 00 00 00 00 00 02 04 06 08 11 14 17 20 24 27 30 33 36 40 43 47 52 56 60 64 68 73 
      96 91 86 82 78 73 68 64 60 55 51 48 44 40 37 34 30 26 23 20 16 13 10 08 06 05 03 01 00 00 00 00 00 00 00 01 02 05 07 10 12 16 19 22 25 28 32 35 38 42 46 50 54 58 62 67 71 75 
   98 93 88 84 80 75 70 66 62 57 52 49 46 42 38 35 32 28 24 21 18 14 11 09 07 06 04 02 00 00 00 00 00 00 00 00 01 04 06 08 11 14 17 20 24 27 30 34 37 40 44 48 52 56 61 65 69 74 78 
   95 90 86 82 77 72 68 64 59 54 50 47 44 40 36 33 30 26 22 19 16 12 10 08 06 04 03 01 00 00 00 00 00 00 00 00 02 05 07 10 12 16 19 22 26 29 32 35 38 42 46 50 55 59 63 68 72 76 80 
97 92 88 84 79 74 70 66 61 56 52 48 45 42 38 34 31 28 24 20 17 14 10 09 07 05 04 02 00 00 00 00 00 00 00 00 01 04 06 08 11 14 18 21 24 27 30 34 37 40 44 49 53 57 62 66 70 74 78 83 
94 90 86 81 76 72 68 63 58 54 50 46 43 40 36 32 29 26 22 18 15 12 10 08 06 04 02 01 00 00 00 00 00 00 00 00 02 05 07 10 13 16 19 22 26 29 32 36 39 43 47 51 56 60 64 68 72 77 81 85 
92 88 83 78 74 70 65 60 56 52 48 44 41 38 34 30 27 24 20 16 13 10 08 07 05 03 02 00 00 00 00 00 00 00 00 01 04 06 08 11 14 18 21 24 28 31 34 37 41 45 50 54 58 62 66 71 75 79 84 88 
90 85 80 76 72 67 62 58 54 50 46 42 39 36 32 28 25 22 18 14 11 09 08 06 04 02 00 00 00 00 00 00 00 00 00 02 05 07 10 13 16 20 23 26 29 32 36 39 44 48 52 56 60 65 69 73 78 82 86 90 
87 82 78 74 69 64 60 56 51 48 44 40 37 34 30 26 23 20 16 12 10 08 06 05 03 01 00 00 00 00 00 00 00 00 01 04 06 08 12 15 18 21 24 28 31 34 38 42 46 50 54 59 63 67 72 76 80 84 88 93 
84 80 76 71 66 62 58 53 49 46 42 38 35 32 28 24 21 18 14 11 09 07 06 04 02 00 00 00 00 00 00 00 00 00 02 05 07 10 13 16 20 23 26 30 33 36 40 44 48 53 57 61 66 70 74 78 82 87 91 95 
82 78 73 68 64 60 55 50 47 44 40 36 33 30 26 22 19 16 12 10 08 06 04 03 01 00 00 00 00 00 00 00 00 01 04 06 08 12 15 18 22 25 28 31 34 38 42 47 51 55 60 64 68 72 76 81 85 89 94 98 
80 75 70 66 62 57 52 48 45 42 38 34 31 28 24 20 17 14 11 09 07 05 04 02 00 00 00 00 00 00 00 00 00 02 05 07 10 14 17 20 23 26 30 33 36 41 45 49 54 58 62 66 70 75 79 83 88 92 96    
77 72 68 64 59 54 50 46 43 40 36 32 29 26 22 18 15 12 10 08 06 04 02 01 00 00 00 00 00 00 00 00 01 04 06 09 12 15 18 22 25 28 32 35 39 43 48 52 56 60 64 69 73 77 82 86 90 94 98    
74 70 66 61 56 52 48 44 41 38 34 30 27 24 20 16 13 11 09 07 05 03 02 00 00 00 00 00 00 00 00 00 02 05 07 10 14 17 20 24 27 30 33 37 42 46 50 54 58 63 67 71 76 80 84 88 92 97       
72 68 63 58 54 50 46 42 39 36 32 28 25 22 18 14 12 10 08 06 04 02 00 00 00 00 00 00 00 00 00 01 04 06 09 12 16 19 22 25 28 32 36 40 44 48 52 57 61 65 70 74 78 82 86 91 95          
70 65 60 56 52 48 44 40 37 34 30 26 23 20 16 13 11 09 07 05 03 01 00 00 00 00 00 00 00 00 01 02 05 08 11 14 17 20 24 27 30 34 38 42 46 51 55 59 64 68 72 76 80 85 89 93 98          
67 62 58 54 49 46 42 38 35 32 28 24 21 18 14 12 10 08 06 04 02 00 00 00 00 00 00 00 00 00 02 04 06 09 12 16 19 22 26 29 32 36 40 45 49 53 58 62 66 70 74 79 83 87 92 96             
64 60 56 51 47 44 40 36 33 30 26 22 19 16 13 11 09 07 05 03 01 00 00 00 00 00 00 00 00 01 02 05 08 11 14 18 21 24 27 30 34 39 43 47 52 56 60 64 68 73 77 81 86 90 94 98             
62 58 53 48 45 42 38 34 31 28 24 20 17 14 12 10 08 06 04 02 00 00 00 00 00 00 00 00 00 02 04 06 10 13 16 19 22 26 29 33 37 41 46 50 54 58 62 67 71 75 80 84 88 92 96                
60 55 50 46 43 40 36 32 29 26 22 18 15 13 11 09 07 05 03 01 00 00 00 00 00 00 00 00 01 02 05 08 11 14 18 21 24 28 31 35 40 44 48 52 56 61 65 69 74 78 82 86 90 95 99                
57 52 48 44 41 38 34 30 27 24 20 16 14 12 10 08 06 04 02 00 00 00 00 00 00 00 00 01 02 04 06 10 13 16 20 23 26 29 34 38 42 46 50 55 59 63 68 72 76 80 84 89 93 97                   
54 50 46 42 39 36 32 28 25 22 18 15 13 11 09 07 05 03 01 00 00 00 00 00 00 00 00 02 03 05 08 12 15 18 21 24 28 32 36 40 44 49 53 57 62 66 70 74 78 83 87 91 96                      
52 48 44 40 37 34 30 26 23 20 16 14 12 10 08 06 04 02 00 00 00 00 00 00 00 00 01 02 04 07 10 13 16 20 23 26 30 34 38 43 47 51 56 60 64 68 72 77 81 85 90 94 98                      
50 46 42 38 35 32 28 24 21 18 15 13 11 09 07 05 03 01 00 00 00 00 00 00 00 00 02 03 05 08 12 15 18 22 25 28 32 37 41 45 50 54 58 62 66 71 75 79 84 88 92 96                         
47 44 40 36 33 30 26 22 19 16 14 12 10 08 06 04 02 01 00 00 00 00 00 00 00 01 02 04 07 10 14 17 20 23 26 31 35 39 44 48 52 56 60 65 69 73 78 82 86 90 94 99                         
45 42 38 34 31 28 24 20 17 15 13 11 09 07 05 03 01 01 00 00 00 00 00 00 01 02 03 06 09 12 15 18 22 25 29 33 38 42 46 50 54 59 63 67 72 76 80 84 88 93 97                            
43 40 36 32 29 26 22 18 16 14 12 10 08 06 04 02 01 01 00 00 00 00 00 00 02 03 04 07 10 14 17 20 24 27 32 36 40 44 48 53 57 61 66 70 74 78 82 87 91 95                               
41 38 34 30 27 24 20 17 15 13 11 09 07 05 03 01 01 01 00 00 00 00 00 01 02 04 06 09 12 16 19 22 26 30 34 38 42 47 51 55 60 64 68 72 76 81 85 89 94 98                               
39 36 32 28 25 22 18 16 14 12 10 08 06 04 02 01 01 01 00 00 00 00 00 02 03 05 08 11 14 17 20 24 28 32 36 41 45 49 54 58 62 66 70 75 79 83 88 92 96                                  
37 34 30 26 23 20 17 15 13 11 09 07 05 03 02 01 01 01 00 00 00 00 01 02 04 06 09 12 16 19 22 26 30 35 39 43 48 52 56 60 64 69 73 77 82 86 90 94 98                                  
35 32 28 24 21 18 16 14 12 10 08 06 04 02 02 01 01 01 00 00 00 01 02 04 06 08 11 14 18 21 24 29 33 37 42 46 50 54 58 63 67 71 76 80 84 88 92 97                                     
33 30 26 22 19 17 15 13 11 09 07 05 03 02 02 01 01 01 00 00 00 02 03 05 07 10 13 16 19 23 27 31 36 40 44 48 52 57 61 65 70 74 78 82 86 91 95                                        
31 28 24 20 18 16 14 12 10 08 06 04 02 02 02 01 01 01 00 00 01 02 04 06 08 11 14 18 21 25 30 34 38 42 46 51 55 59 64 68 72 76 80 85 89 93 98                                        
29 26 22 19 17 15 13 11 09 07 05 03 02 02 02 01 01 01 00 01 02 03 05 07 10 13 16 20 24 28 32 36 40 45 49 53 58 62 66 70 74 79 83 87 92 96                                           
27 24 20 18 16 14 12 10 08 06 04 02 02 02 02 01 01 01 00 02 02 04 06 08 12 15 18 22 26 30 34 39 43 47 52 56 60 64 68 73 77 81 86 90 94 98                                           
25 22 19 17 15 13 11 09 07 05 03 02 02 02 02 01 01 01 01 02 04 06 08 10 13 16 20 24 28 33 37 41 46 50 54 58 62 67 71 75 80 84 88 92 96                                              
23 20 18 16 14 12 10 08 06 04 02 02 02 02 02 01 01 01 02 03 05 07 09 12 15 18 22 27 31 35 40 44 48 52 56 61 65 69 74 78 82 86 90 95 99                                              
21 19 17 15 13 11 09 07 05 03 02 02 02 02 02 01 01 02 03 04 06 08 10 14 17 21 25 29 34 38 42 46 50 55 59 63 68 72 76 80 84 89 93 97                                                 
20 18 16 14 12 10 08 06 04 03 02 02 02 02 02 01 02 02 04 06 08 10 12 15 19 23 28 32 36 40 44 49 53 57 62 66 70 74 78 83 87 91 96                                                    
19 17 15 13 11 09 07 05 03 03 02 02 02 02 02 01 02 04 05 07 09 11 14 17 22 26 30 34 38 43 47 51 56 60 64 68 72 77 81 85 90 94 98                                                    